579 1912 2433 2436 2449 2482 2495 2511 2513 2531 2536 2565 2611 2675 2709 2717 2727 :132644
579 1912 2433 2436 2449 2482 2495 2511 2513 2531 2536 2565 2611 2675 2709 2717 2727 2728 :135944
579 1912 2433 2436 2449 2482 2495 2511 2513 2531 2536 2565 2611 2675 2709 2717 2727 2728 2741 :139244
579 1912 2433 2436 2449 2482 2495 2511 2513 2531 2536 2565 2611 2675 2709 2717 2727 2741 :135944
579 1912 2433 2436 2449 2482 2495 2511 2513 2531 2536 2565 2611 2675 2709 2727 :125564
579 1912 2433 2436 2449 2482 2495 2511 2513 2531 2536 2565 2611 2675 2709 2727 2728 :128864
579 1912 2433 2436 2449 2482 2495 2511 2513 2531 2536 2565 2611 2675 2709 2727 2728 2741 :132164
579 1912 2433 2436 2449 2482 2495 2511 2513 2531 2536 2565 2611 2675 2709 2727 2741 :128864
579 1912 2433 2436 2449 2482 2495 2511 2513 2531 2536 2565 2611 2709 2717 2727 :128484
579 1912 2433 2436 2449 2482 2495 2511 2513 2531 2536 2565 2611 2709 2717 2727 2728 :131784
579 1912 2433 2436 2449 2482 2495 2511 2513 2531 2536 2565 2611 2709 2717 2727 2728 2741 :135084
579 1912 2433 2436 2449 2482 2495 2511 2513 2531 2536 2565 2611 2709 2717 2727 2741 :131784
579 1912 2433 2436 2449 2482 2495 2511 2513 2531 2536 2565 2611 2709 2727 :121404
579 1912 2433 2436 2449 2482 2495 2511 2513 2531 2536 2565 2611 2709 2727 2728 :124704
579 1912 2433 2436 2449 2482 2495 2511 2513 2531 2536 2565 2611 2709 2727 2728 2741 :128004
579 1912 2433 2436 2449 2482 2495 2511 2513 2531 2536 2565 2611 2709 2727 2741 :124704
579 1912 2433 2436 2449 2482 2495 2511 2513 2531 2536 2565 2675 2709 2717 2727 :125564
579 1912 2433 2436 2449 2482 2495 2511 2513 2531 2536 2565 2675 2709 2717 2727 2728 :128864
579 1912 2433 2436 2449 2482 2495 2511 2513 2531 2536 2565 2675 2709 2717 2727 2728 2741 :132164
579 1912 2433 2436 2449 2482 2495 2511 2513 2531 2536 2565 2675 2709 2717 2727 2741 :128864
579 1912 2433 2436 2449 2482 2495 2511 2513 2531 2536 2565 2675 2709 2727 2728 :121784
579 1912 2433 2436 2449 2482 2495 2511 2513 2531 2536 2565 2675 2709 2727 2728 2741 :125084
579 1912 2433 2436 2449 2482 2495 2511 2513 2531 2536 2565 2675 2709 2727 2741 :121784
579 1912 2433 2436 2449 2482 2495 2511 2513 2531 2536 2565 2709 2717 2727 :121404
579 1912 2433 2436 2449 2482 2495 2511 2513 2531 2536 2565 2709 2717 2727 2728 :124704
579 1912 2433 2436 2449 2482 2495 2511 2513 2531 2536 2565 2709 2717 2727 2728 2741 :128004
579 1912 2433 2436 2449 2482 2495 2511 2513 2531 2536 2565 2709 2717 2727 2741 :124704
579 1912 2433 2436 2449 2482 2495 2511 2513 2531 2536 2565 2709 2727 2728 2741 :120924
579 1912 2433 2436 2449 2482 2495 2511 2513 2531 2536 2611 2675 2709 2717 2727 :129494
579 1912 2433 2436 2449 2482 2495 2511 2513 2531 2536 2611 2675 2709 2717 2727 2728 :132794
579 1912 2433 2436 2449 2482 2495 2511 2513 2531 2536 2611 2675 2709 2717 2727 2728 2741 :136094
579 1912 2433 2436 2449 2482 2495 2511 2513 2531 2536 2611 2675 2709 2717 2727 2741 :132794
579 1912 2433 2436 2449 2482 2495 2511 2513 2531 2536 2611 2675 2709 2727 :122414
579 1912 2433 2436 2449 2482 2495 2511 2513 2531 2536 2611 2675 2709 2727 2728 :125714
579 1912 2433 2436 2449 2482 2495 2511 2513 2531 2536 2611 2675 2709 2727 2728 2741 :129014
579 1912 2433 2436 2449 2482 2495 2511 2513 2531 2536 2611 2675 2709 2727 2741 :125714
579 1912 2433 2436 2449 2482 2495 2511 2513 2531 2536 2611 2709 2717 2727 :125334
579 1912 2433 2436 2449 2482 2495 2511 2513 2531 2536 2611 2709 2717 2727 2728 :128634
579 1912 2433 2436 2449 2482 2495 2511 2513 2531 2536 2611 2709 2717 2727 2728 2741 :131934
579 1912 2433 2436 2449 2482 2495 2511 2513 2531 2536 2611 2709 2717 2727 2741 :128634
579 1912 2433 2436 2449 2482 2495 2511 2513 2531 2536 2611 2709 2727 2728 :121554
579 1912 2433 2436 2449 2482 2495 2511 2513 2531 2536 2611 2709 2727 2728 2741 :124854
579 1912 2433 2436 2449 2482 2495 2511 2513 2531 2536 2611 2709 2727 2741 :121554
579 1912 2433 2436 2449 2482 2495 2511 2513 2531 2536 2675 2709 2717 2727 :122414
579 1912 2433 2436 2449 2482 2495 2511 2513 2531 2536 2675 2709 2717 2727 2728 :125714
579 1912 2433 2436 2449 2482 2495 2511 2513 2531 2536 2675 2709 2717 2727 2728 2741 :129014
579 1912 2433 2436 2449 2482 2495 2511 2513 2531 2536 2675 2709 2717 2727 2741 :125714
579 1912 2433 2436 2449 2482 2495 2511 2513 2531 2536 2675 2709 2727 2728 2741 :121934
579 1912 2433 2436 2449 2482 2495 2511 2513 2531 2536 2709 2717 2727 2728 :121554
579 1912 2433 2436 2449 2482 2495 2511 2513 2531 2536 2709 2717 2727 2728 2741 :124854
579 1912 2433 2436 2449 2482 2495 2511 2513 2531 2536 2709 2717 2727 2741 :121554
579 1912 2433 2436 2449 2482 2495 2511 2513 2531 2565 2611 2675 2709 2717 2727 :130904
579 1912 2433 2436 2449 2482 2495 2511 2513 2531 2565 2611 2675 2709 2717 2727 2728 :134204
579 1912 2433 2436 2449 2482 2495 2511 2513 2531 2565 2611 2675 2709 2717 2727 2728 2741 :137504
579 1912 2433 2436 2449 2482 2495 2511 2513 2531 2565 2611 2675 2709 2717 2727 2741 :134204
579 1912 2433 2436 2449 2482 2495 2511 2513 2531 2565 2611 2675 2709 2727 :123824
579 1912 2433 2436 2449 2482 2495 2511 2513 2531 2565 2611 2675 2709 2727 2728 :127124
579 1912 2433 2436 2449 2482 2495 2511 2513 2531 2565 2611 2675 2709 2727 2728 2741 :130424
579 1912 2433 2436 2449 2482 2495 2511 2513 2531 2565 2611 2675 2709 2727 2741 :127124
579 1912 2433 2436 2449 2482 2495 2511 2513 2531 2565 2611 2709 2717 2727 :126744
579 1912 2433 2436 2449 2482 2495 2511 2513 2531 2565 2611 2709 2717 2727 2728 :130044
579 1912 2433 2436 2449 2482 2495 2511 2513 2531 2565 2611 2709 2717 2727 2728 2741 :133344
579 1912 2433 2436 2449 2482 2495 2511 2513 2531 2565 2611 2709 2717 2727 2741 :130044
579 1912 2433 2436 2449 2482 2495 2511 2513 2531 2565 2611 2709 2727 2728 :122964
579 1912 2433 2436 2449 2482 2495 2511 2513 2531 2565 2611 2709 2727 2728 2741 :126264
579 1912 2433 2436 2449 2482 2495 2511 2513 2531 2565 2611 2709 2727 2741 :122964
579 1912 2433 2436 2449 2482 2495 2511 2513 2531 2565 2675 2709 2717 2727 :123824
579 1912 2433 2436 2449 2482 2495 2511 2513 2531 2565 2675 2709 2717 2727 2728 :127124
579 1912 2433 2436 2449 2482 2495 2511 2513 2531 2565 2675 2709 2717 2727 2728 2741 :130424
579 1912 2433 2436 2449 2482 2495 2511 2513 2531 2565 2675 2709 2717 2727 2741 :127124
579 1912 2433 2436 2449 2482 2495 2511 2513 2531 2565 2675 2709 2727 2728 :120044
579 1912 2433 2436 2449 2482 2495 2511 2513 2531 2565 2675 2709 2727 2728 2741 :123344
579 1912 2433 2436 2449 2482 2495 2511 2513 2531 2565 2675 2709 2727 2741 :120044
579 1912 2433 2436 2449 2482 2495 2511 2513 2531 2565 2709 2717 2727 2728 :122964
579 1912 2433 2436 2449 2482 2495 2511 2513 2531 2565 2709 2717 2727 2728 2741 :126264
579 1912 2433 2436 2449 2482 2495 2511 2513 2531 2565 2709 2717 2727 2741 :122964
579 1912 2433 2436 2449 2482 2495 2511 2513 2531 2611 2675 2709 2717 2727 :127754
579 1912 2433 2436 2449 2482 2495 2511 2513 2531 2611 2675 2709 2717 2727 2728 :131054
579 1912 2433 2436 2449 2482 2495 2511 2513 2531 2611 2675 2709 2717 2727 2728 2741 :134354
579 1912 2433 2436 2449 2482 2495 2511 2513 2531 2611 2675 2709 2717 2727 2741 :131054
579 1912 2433 2436 2449 2482 2495 2511 2513 2531 2611 2675 2709 2727 :120674
579 1912 2433 2436 2449 2482 2495 2511 2513 2531 2611 2675 2709 2727 2728 :123974
579 1912 2433 2436 2449 2482 2495 2511 2513 2531 2611 2675 2709 2727 2728 2741 :127274
579 1912 2433 2436 2449 2482 2495 2511 2513 2531 2611 2675 2709 2727 2741 :123974
579 1912 2433 2436 2449 2482 2495 2511 2513 2531 2611 2709 2717 2727 :123594
579 1912 2433 2436 2449 2482 2495 2511 2513 2531 2611 2709 2717 2727 2728 :126894
579 1912 2433 2436 2449 2482 2495 2511 2513 2531 2611 2709 2717 2727 2728 2741 :130194
579 1912 2433 2436 2449 2482 2495 2511 2513 2531 2611 2709 2717 2727 2741 :126894
579 1912 2433 2436 2449 2482 2495 2511 2513 2531 2611 2709 2727 2728 2741 :123114
579 1912 2433 2436 2449 2482 2495 2511 2513 2531 2675 2709 2717 2727 :120674
579 1912 2433 2436 2449 2482 2495 2511 2513 2531 2675 2709 2717 2727 2728 :123974
579 1912 2433 2436 2449 2482 2495 2511 2513 2531 2675 2709 2717 2727 2728 2741 :127274
579 1912 2433 2436 2449 2482 2495 2511 2513 2531 2675 2709 2717 2727 2741 :123974
579 1912 2433 2436 2449 2482 2495 2511 2513 2531 2675 2709 2727 2728 2741 :120194
579 1912 2433 2436 2449 2482 2495 2511 2513 2531 2709 2717 2727 2728 2741 :123114
579 1912 2433 2436 2449 2482 2495 2511 2513 2536 2565 2611 2675 2709 2717 2727 2728 2741 :122972
579 1912 2433 2436 2449 2482 2495 2511 2513 2565 2611 2675 2709 2717 2727 2728 2741 :121232
579 1912 2433 2436 2449 2482 2495 2511 2531 2536 2565 2611 2675 2709 2717 2727 :126044
579 1912 2433 2436 2449 2482 2495 2511 2531 2536 2565 2611 2675 2709 2717 2727 2728 :129344
579 1912 2433 2436 2449 2482 2495 2511 2531 2536 2565 2611 2675 2709 2717 2727 2728 2741 :132644
579 1912 2433 2436 2449 2482 2495 2511 2531 2536 2565 2611 2675 2709 2717 2727 2741 :129344
579 1912 2433 2436 2449 2482 2495 2511 2531 2536 2565 2611 2675 2709 2727 2728 :122264
579 1912 2433 2436 2449 2482 2495 2511 2531 2536 2565 2611 2675 2709 2727 2728 2741 :125564
579 1912 2433 2436 2449 2482 2495 2511 2531 2536 2565 2611 2675 2709 2727 2741 :122264
579 1912 2433 2436 2449 2482 2495 2511 2531 2536 2565 2611 2709 2717 2727 :121884
579 1912 2433 2436 2449 2482 2495 2511 2531 2536 2565 2611 2709 2717 2727 2728 :125184
579 1912 2433 2436 2449 2482 2495 2511 2531 2536 2565 2611 2709 2717 2727 2728 2741 :128484
579 1912 2433 2436 2449 2482 2495 2511 2531 2536 2565 2611 2709 2717 2727 2741 :125184
579 1912 2433 2436 2449 2482 2495 2511 2531 2536 2565 2611 2709 2727 2728 2741 :121404
579 1912 2433 2436 2449 2482 2495 2511 2531 2536 2565 2675 2709 2717 2727 2728 :122264
579 1912 2433 2436 2449 2482 2495 2511 2531 2536 2565 2675 2709 2717 2727 2728 2741 :125564
579 1912 2433 2436 2449 2482 2495 2511 2531 2536 2565 2675 2709 2717 2727 2741 :122264
579 1912 2433 2436 2449 2482 2495 2511 2531 2536 2565 2709 2717 2727 2728 2741 :121404
579 1912 2433 2436 2449 2482 2495 2511 2531 2536 2611 2675 2709 2717 2727 :122894
579 1912 2433 2436 2449 2482 2495 2511 2531 2536 2611 2675 2709 2717 2727 2728 :126194
579 1912 2433 2436 2449 2482 2495 2511 2531 2536 2611 2675 2709 2717 2727 2728 2741 :129494
579 1912 2433 2436 2449 2482 2495 2511 2531 2536 2611 2675 2709 2717 2727 2741 :126194
579 1912 2433 2436 2449 2482 2495 2511 2531 2536 2611 2675 2709 2727 2728 2741 :122414
579 1912 2433 2436 2449 2482 2495 2511 2531 2536 2611 2709 2717 2727 2728 :122034
579 1912 2433 2436 2449 2482 2495 2511 2531 2536 2611 2709 2717 2727 2728 2741 :125334
579 1912 2433 2436 2449 2482 2495 2511 2531 2536 2611 2709 2717 2727 2741 :122034
579 1912 2433 2436 2449 2482 2495 2511 2531 2536 2675 2709 2717 2727 2728 2741 :122414
579 1912 2433 2436 2449 2482 2495 2511 2531 2565 2611 2675 2709 2717 2727 :124304
579 1912 2433 2436 2449 2482 2495 2511 2531 2565 2611 2675 2709 2717 2727 2728 :127604
579 1912 2433 2436 2449 2482 2495 2511 2531 2565 2611 2675 2709 2717 2727 2728 2741 :130904
579 1912 2433 2436 2449 2482 2495 2511 2531 2565 2611 2675 2709 2717 2727 2741 :127604
579 1912 2433 2436 2449 2482 2495 2511 2531 2565 2611 2675 2709 2727 2728 :120524
579 1912 2433 2436 2449 2482 2495 2511 2531 2565 2611 2675 2709 2727 2728 2741 :123824
579 1912 2433 2436 2449 2482 2495 2511 2531 2565 2611 2675 2709 2727 2741 :120524
579 1912 2433 2436 2449 2482 2495 2511 2531 2565 2611 2709 2717 2727 :120144
579 1912 2433 2436 2449 2482 2495 2511 2531 2565 2611 2709 2717 2727 2728 :123444
579 1912 2433 2436 2449 2482 2495 2511 2531 2565 2611 2709 2717 2727 2728 2741 :126744
579 1912 2433 2436 2449 2482 2495 2511 2531 2565 2611 2709 2717 2727 2741 :123444
579 1912 2433 2436 2449 2482 2495 2511 2531 2565 2675 2709 2717 2727 2728 :120524
579 1912 2433 2436 2449 2482 2495 2511 2531 2565 2675 2709 2717 2727 2728 2741 :123824
579 1912 2433 2436 2449 2482 2495 2511 2531 2565 2675 2709 2717 2727 2741 :120524
579 1912 2433 2436 2449 2482 2495 2511 2531 2611 2675 2709 2717 2727 :121154
579 1912 2433 2436 2449 2482 2495 2511 2531 2611 2675 2709 2717 2727 2728 :124454
579 1912 2433 2436 2449 2482 2495 2511 2531 2611 2675 2709 2717 2727 2728 2741 :127754
579 1912 2433 2436 2449 2482 2495 2511 2531 2611 2675 2709 2717 2727 2741 :124454
579 1912 2433 2436 2449 2482 2495 2511 2531 2611 2675 2709 2727 2728 2741 :120674
579 1912 2433 2436 2449 2482 2495 2511 2531 2611 2709 2717 2727 2728 :120294
579 1912 2433 2436 2449 2482 2495 2511 2531 2611 2709 2717 2727 2728 2741 :123594
579 1912 2433 2436 2449 2482 2495 2511 2531 2611 2709 2717 2727 2741 :120294
579 1912 2433 2436 2449 2482 2495 2511 2531 2675 2709 2717 2727 2728 2741 :120674
579 1912 2433 2436 2449 2482 2495 2513 2531 2536 2565 2611 2675 2709 2717 2727 :128144
579 1912 2433 2436 2449 2482 2495 2513 2531 2536 2565 2611 2675 2709 2717 2727 2728 :131444
579 1912 2433 2436 2449 2482 2495 2513 2531 2536 2565 2611 2675 2709 2717 2727 2728 2741 :134744
579 1912 2433 2436 2449 2482 2495 2513 2531 2536 2565 2611 2675 2709 2717 2727 2741 :131444
579 1912 2433 2436 2449 2482 2495 2513 2531 2536 2565 2611 2675 2709 2727 :121064
579 1912 2433 2436 2449 2482 2495 2513 2531 2536 2565 2611 2675 2709 2727 2728 :124364
579 1912 2433 2436 2449 2482 2495 2513 2531 2536 2565 2611 2675 2709 2727 2728 2741 :127664
579 1912 2433 2436 2449 2482 2495 2513 2531 2536 2565 2611 2675 2709 2727 2741 :124364
579 1912 2433 2436 2449 2482 2495 2513 2531 2536 2565 2611 2709 2717 2727 :123984
579 1912 2433 2436 2449 2482 2495 2513 2531 2536 2565 2611 2709 2717 2727 2728 :127284
579 1912 2433 2436 2449 2482 2495 2513 2531 2536 2565 2611 2709 2717 2727 2728 2741 :130584
579 1912 2433 2436 2449 2482 2495 2513 2531 2536 2565 2611 2709 2717 2727 2741 :127284
579 1912 2433 2436 2449 2482 2495 2513 2531 2536 2565 2611 2709 2727 2728 :120204
579 1912 2433 2436 2449 2482 2495 2513 2531 2536 2565 2611 2709 2727 2728 2741 :123504
579 1912 2433 2436 2449 2482 2495 2513 2531 2536 2565 2611 2709 2727 2741 :120204
579 1912 2433 2436 2449 2482 2495 2513 2531 2536 2565 2675 2709 2717 2727 :121064
579 1912 2433 2436 2449 2482 2495 2513 2531 2536 2565 2675 2709 2717 2727 2728 :124364
579 1912 2433 2436 2449 2482 2495 2513 2531 2536 2565 2675 2709 2717 2727 2728 2741 :127664
579 1912 2433 2436 2449 2482 2495 2513 2531 2536 2565 2675 2709 2717 2727 2741 :124364
579 1912 2433 2436 2449 2482 2495 2513 2531 2536 2565 2675 2709 2727 2728 2741 :120584
579 1912 2433 2436 2449 2482 2495 2513 2531 2536 2565 2709 2717 2727 2728 :120204
579 1912 2433 2436 2449 2482 2495 2513 2531 2536 2565 2709 2717 2727 2728 2741 :123504
579 1912 2433 2436 2449 2482 2495 2513 2531 2536 2565 2709 2717 2727 2741 :120204
579 1912 2433 2436 2449 2482 2495 2513 2531 2536 2611 2675 2709 2717 2727 :124994
579 1912 2433 2436 2449 2482 2495 2513 2531 2536 2611 2675 2709 2717 2727 2728 :128294
579 1912 2433 2436 2449 2482 2495 2513 2531 2536 2611 2675 2709 2717 2727 2728 2741 :131594
579 1912 2433 2436 2449 2482 2495 2513 2531 2536 2611 2675 2709 2717 2727 2741 :128294
579 1912 2433 2436 2449 2482 2495 2513 2531 2536 2611 2675 2709 2727 2728 :121214
579 1912 2433 2436 2449 2482 2495 2513 2531 2536 2611 2675 2709 2727 2728 2741 :124514
579 1912 2433 2436 2449 2482 2495 2513 2531 2536 2611 2675 2709 2727 2741 :121214
579 1912 2433 2436 2449 2482 2495 2513 2531 2536 2611 2709 2717 2727 :120834
579 1912 2433 2436 2449 2482 2495 2513 2531 2536 2611 2709 2717 2727 2728 :124134
579 1912 2433 2436 2449 2482 2495 2513 2531 2536 2611 2709 2717 2727 2728 2741 :127434
579 1912 2433 2436 2449 2482 2495 2513 2531 2536 2611 2709 2717 2727 2741 :124134
579 1912 2433 2436 2449 2482 2495 2513 2531 2536 2611 2709 2727 2728 2741 :120354
579 1912 2433 2436 2449 2482 2495 2513 2531 2536 2675 2709 2717 2727 2728 :121214
579 1912 2433 2436 2449 2482 2495 2513 2531 2536 2675 2709 2717 2727 2728 2741 :124514
579 1912 2433 2436 2449 2482 2495 2513 2531 2536 2675 2709 2717 2727 2741 :121214
579 1912 2433 2436 2449 2482 2495 2513 2531 2536 2709 2717 2727 2728 2741 :120354
579 1912 2433 2436 2449 2482 2495 2513 2531 2565 2611 2675 2709 2717 2727 :126404
579 1912 2433 2436 2449 2482 2495 2513 2531 2565 2611 2675 2709 2717 2727 2728 :129704
579 1912 2433 2436 2449 2482 2495 2513 2531 2565 2611 2675 2709 2717 2727 2728 2741 :133004
579 1912 2433 2436 2449 2482 2495 2513 2531 2565 2611 2675 2709 2717 2727 2741 :129704
579 1912 2433 2436 2449 2482 2495 2513 2531 2565 2611 2675 2709 2727 2728 :122624
579 1912 2433 2436 2449 2482 2495 2513 2531 2565 2611 2675 2709 2727 2728 2741 :125924
579 1912 2433 2436 2449 2482 2495 2513 2531 2565 2611 2675 2709 2727 2741 :122624
579 1912 2433 2436 2449 2482 2495 2513 2531 2565 2611 2709 2717 2727 :122244
579 1912 2433 2436 2449 2482 2495 2513 2531 2565 2611 2709 2717 2727 2728 :125544
579 1912 2433 2436 2449 2482 2495 2513 2531 2565 2611 2709 2717 2727 2728 2741 :128844
579 1912 2433 2436 2449 2482 2495 2513 2531 2565 2611 2709 2717 2727 2741 :125544
579 1912 2433 2436 2449 2482 2495 2513 2531 2565 2611 2709 2727 2728 2741 :121764
579 1912 2433 2436 2449 2482 2495 2513 2531 2565 2675 2709 2717 2727 2728 :122624
579 1912 2433 2436 2449 2482 2495 2513 2531 2565 2675 2709 2717 2727 2728 2741 :125924
579 1912 2433 2436 2449 2482 2495 2513 2531 2565 2675 2709 2717 2727 2741 :122624
579 1912 2433 2436 2449 2482 2495 2513 2531 2565 2709 2717 2727 2728 2741 :121764
579 1912 2433 2436 2449 2482 2495 2513 2531 2611 2675 2709 2717 2727 :123254
579 1912 2433 2436 2449 2482 2495 2513 2531 2611 2675 2709 2717 2727 2728 :126554
579 1912 2433 2436 2449 2482 2495 2513 2531 2611 2675 2709 2717 2727 2728 2741 :129854
579 1912 2433 2436 2449 2482 2495 2513 2531 2611 2675 2709 2717 2727 2741 :126554
579 1912 2433 2436 2449 2482 2495 2513 2531 2611 2675 2709 2727 2728 2741 :122774
579 1912 2433 2436 2449 2482 2495 2513 2531 2611 2709 2717 2727 2728 :122394
579 1912 2433 2436 2449 2482 2495 2513 2531 2611 2709 2717 2727 2728 2741 :125694
579 1912 2433 2436 2449 2482 2495 2513 2531 2611 2709 2717 2727 2741 :122394
579 1912 2433 2436 2449 2482 2495 2513 2531 2675 2709 2717 2727 2728 2741 :122774
579 1912 2433 2436 2449 2482 2495 2531 2536 2565 2611 2675 2709 2717 2727 :121544
579 1912 2433 2436 2449 2482 2495 2531 2536 2565 2611 2675 2709 2717 2727 2728 :124844
579 1912 2433 2436 2449 2482 2495 2531 2536 2565 2611 2675 2709 2717 2727 2728 2741 :128144
579 1912 2433 2436 2449 2482 2495 2531 2536 2565 2611 2675 2709 2717 2727 2741 :124844
579 1912 2433 2436 2449 2482 2495 2531 2536 2565 2611 2675 2709 2727 2728 2741 :121064
579 1912 2433 2436 2449 2482 2495 2531 2536 2565 2611 2709 2717 2727 2728 :120684
579 1912 2433 2436 2449 2482 2495 2531 2536 2565 2611 2709 2717 2727 2728 2741 :123984
579 1912 2433 2436 2449 2482 2495 2531 2536 2565 2611 2709 2717 2727 2741 :120684
579 1912 2433 2436 2449 2482 2495 2531 2536 2565 2675 2709 2717 2727 2728 2741 :121064
579 1912 2433 2436 2449 2482 2495 2531 2536 2611 2675 2709 2717 2727 2728 :121694
579 1912 2433 2436 2449 2482 2495 2531 2536 2611 2675 2709 2717 2727 2728 2741 :124994
579 1912 2433 2436 2449 2482 2495 2531 2536 2611 2675 2709 2717 2727 2741 :121694
579 1912 2433 2436 2449 2482 2495 2531 2536 2611 2709 2717 2727 2728 2741 :120834
579 1912 2433 2436 2449 2482 2495 2531 2565 2611 2675 2709 2717 2727 2728 :123104
579 1912 2433 2436 2449 2482 2495 2531 2565 2611 2675 2709 2717 2727 2728 2741 :126404
579 1912 2433 2436 2449 2482 2495 2531 2565 2611 2675 2709 2717 2727 2741 :123104
579 1912 2433 2436 2449 2482 2495 2531 2565 2611 2709 2717 2727 2728 2741 :122244
579 1912 2433 2436 2449 2482 2495 2531 2611 2675 2709 2717 2727 2728 2741 :123254
579 1912 2433 2436 2449 2482 2511 2513 2531 2536 2565 2611 2675 2709 2717 2727 :120404
579 1912 2433 2436 2449 2482 2511 2513 2531 2536 2565 2611 2675 2709 2717 2727 2728 :123704
579 1912 2433 2436 2449 2482 2511 2513 2531 2536 2565 2611 2675 2709 2717 2727 2728 2741 :127004
579 1912 2433 2436 2449 2482 2511 2513 2531 2536 2565 2611 2675 2709 2717 2727 2741 :123704
579 1912 2433 2436 2449 2482 2511 2513 2531 2536 2565 2611 2709 2717 2727 2728 2741 :122844
579 1912 2433 2436 2449 2482 2511 2513 2531 2536 2611 2675 2709 2717 2727 2728 :120554
579 1912 2433 2436 2449 2482 2511 2513 2531 2536 2611 2675 2709 2717 2727 2728 2741 :123854
579 1912 2433 2436 2449 2482 2511 2513 2531 2536 2611 2675 2709 2717 2727 2741 :120554
579 1912 2433 2436 2449 2482 2511 2513 2531 2565 2611 2675 2709 2717 2727 2728 :121964
579 1912 2433 2436 2449 2482 2511 2513 2531 2565 2611 2675 2709 2717 2727 2728 2741 :125264
579 1912 2433 2436 2449 2482 2511 2513 2531 2565 2611 2675 2709 2717 2727 2741 :121964
579 1912 2433 2436 2449 2482 2511 2513 2531 2565 2611 2709 2717 2727 2728 2741 :121104
579 1912 2433 2436 2449 2482 2511 2513 2531 2611 2675 2709 2717 2727 2728 2741 :122114
579 1912 2433 2436 2449 2482 2511 2531 2536 2565 2611 2675 2709 2717 2727 2728 2741 :120404
579 1912 2433 2436 2449 2482 2513 2531 2536 2565 2611 2675 2709 2717 2727 2728 2741 :122504
579 1912 2433 2436 2449 2482 2513 2531 2565 2611 2675 2709 2717 2727 2728 2741 :120764
579 1912 2433 2436 2449 2495 2511 2513 2531 2536 2565 2611 2675 2709 2717 2727 :131594
579 1912 2433 2436 2449 2495 2511 2513 2531 2536 2565 2611 2675 2709 2717 2727 2728 :134894
579 1912 2433 2436 2449 2495 2511 2513 2531 2536 2565 2611 2675 2709 2717 2727 2728 2741 :138194
579 1912 2433 2436 2449 2495 2511 2513 2531 2536 2565 2611 2675 2709 2717 2727 2741 :134894
579 1912 2433 2436 2449 2495 2511 2513 2531 2536 2565 2611 2675 2709 2727 :124514
579 1912 2433 2436 2449 2495 2511 2513 2531 2536 2565 2611 2675 2709 2727 2728 :127814
579 1912 2433 2436 2449 2495 2511 2513 2531 2536 2565 2611 2675 2709 2727 2728 2741 :131114
579 1912 2433 2436 2449 2495 2511 2513 2531 2536 2565 2611 2675 2709 2727 2741 :127814
579 1912 2433 2436 2449 2495 2511 2513 2531 2536 2565 2611 2709 2717 2727 :127434
579 1912 2433 2436 2449 2495 2511 2513 2531 2536 2565 2611 2709 2717 2727 2728 :130734
579 1912 2433 2436 2449 2495 2511 2513 2531 2536 2565 2611 2709 2717 2727 2728 2741 :134034
579 1912 2433 2436 2449 2495 2511 2513 2531 2536 2565 2611 2709 2717 2727 2741 :130734
579 1912 2433 2436 2449 2495 2511 2513 2531 2536 2565 2611 2709 2727 :120354
579 1912 2433 2436 2449 2495 2511 2513 2531 2536 2565 2611 2709 2727 2728 :123654
579 1912 2433 2436 2449 2495 2511 2513 2531 2536 2565 2611 2709 2727 2728 2741 :126954
579 1912 2433 2436 2449 2495 2511 2513 2531 2536 2565 2611 2709 2727 2741 :123654
579 1912 2433 2436 2449 2495 2511 2513 2531 2536 2565 2675 2709 2717 2727 :124514
579 1912 2433 2436 2449 2495 2511 2513 2531 2536 2565 2675 2709 2717 2727 2728 :127814
579 1912 2433 2436 2449 2495 2511 2513 2531 2536 2565 2675 2709 2717 2727 2728 2741 :131114
579 1912 2433 2436 2449 2495 2511 2513 2531 2536 2565 2675 2709 2717 2727 2741 :127814
579 1912 2433 2436 2449 2495 2511 2513 2531 2536 2565 2675 2709 2727 2728 :120734
579 1912 2433 2436 2449 2495 2511 2513 2531 2536 2565 2675 2709 2727 2728 2741 :124034
579 1912 2433 2436 2449 2495 2511 2513 2531 2536 2565 2675 2709 2727 2741 :120734
579 1912 2433 2436 2449 2495 2511 2513 2531 2536 2565 2709 2717 2727 :120354
579 1912 2433 2436 2449 2495 2511 2513 2531 2536 2565 2709 2717 2727 2728 :123654
579 1912 2433 2436 2449 2495 2511 2513 2531 2536 2565 2709 2717 2727 2728 2741 :126954
579 1912 2433 2436 2449 2495 2511 2513 2531 2536 2565 2709 2717 2727 2741 :123654
579 1912 2433 2436 2449 2495 2511 2513 2531 2536 2611 2675 2709 2717 2727 :128444
579 1912 2433 2436 2449 2495 2511 2513 2531 2536 2611 2675 2709 2717 2727 2728 :131744
579 1912 2433 2436 2449 2495 2511 2513 2531 2536 2611 2675 2709 2717 2727 2728 2741 :135044
579 1912 2433 2436 2449 2495 2511 2513 2531 2536 2611 2675 2709 2717 2727 2741 :131744
579 1912 2433 2436 2449 2495 2511 2513 2531 2536 2611 2675 2709 2727 :121364
579 1912 2433 2436 2449 2495 2511 2513 2531 2565 2611 2675 2709 2717 2727 :129854
579 1912 2433 2436 2449 2495 2511 2513 2531 2565 2611 2675 2709 2717 2727 2728 :133154
579 1912 2433 2436 2449 2495 2511 2513 2531 2565 2611 2675 2709 2717 2727 2728 2741 :136454
579 1912 2433 2436 2449 2495 2511 2513 2531 2565 2611 2675 2709 2717 2727 2741 :133154
579 1912 2433 2436 2449 2495 2511 2513 2531 2565 2611 2675 2709 2727 :122774
579 1912 2433 2436 2449 2495 2511 2513 2531 2565 2611 2675 2709 2727 2728 :126074
579 1912 2433 2436 2449 2495 2511 2513 2531 2565 2611 2675 2709 2727 2728 2741 :129374
579 1912 2433 2436 2449 2495 2511 2513 2531 2565 2611 2675 2709 2727 2741 :126074
579 1912 2433 2436 2449 2495 2511 2513 2531 2565 2611 2709 2717 2727 :125694
579 1912 2433 2436 2449 2495 2511 2513 2531 2565 2611 2709 2717 2727 2728 :128994
579 1912 2433 2436 2449 2495 2511 2513 2531 2565 2611 2709 2717 2727 2728 2741 :132294
579 1912 2433 2436 2449 2495 2511 2513 2531 2565 2611 2709 2717 2727 2741 :128994
579 1912 2433 2436 2449 2495 2511 2513 2531 2565 2611 2709 2727 2728 :121914
579 1912 2433 2436 2449 2495 2511 2513 2531 2565 2611 2709 2727 2728 2741 :125214
579 1912 2433 2436 2449 2495 2511 2513 2531 2565 2611 2709 2727 2741 :121914
579 1912 2433 2436 2449 2495 2511 2513 2531 2565 2675 2709 2717 2727 :122774
579 1912 2433 2436 2449 2495 2511 2513 2531 2565 2675 2709 2717 2727 2728 :126074
579 1912 2433 2436 2449 2495 2511 2513 2531 2565 2675 2709 2717 2727 2728 2741 :129374
579 1912 2433 2436 2449 2495 2511 2513 2531 2565 2675 2709 2717 2727 2741 :126074
579 1912 2433 2436 2449 2495 2511 2513 2531 2565 2675 2709 2727 2728 2741 :122294
579 1912 2433 2436 2449 2495 2511 2513 2531 2565 2709 2717 2727 2728 :121914
579 1912 2433 2436 2449 2495 2511 2513 2531 2565 2709 2717 2727 2728 2741 :125214
579 1912 2433 2436 2449 2495 2511 2513 2531 2565 2709 2717 2727 2741 :121914
579 1912 2433 2436 2449 2495 2511 2513 2531 2611 2675 2709 2717 2727 :126704
579 1912 2433 2436 2449 2495 2511 2513 2531 2611 2675 2709 2717 2727 2728 :130004
579 1912 2433 2436 2449 2495 2511 2513 2531 2611 2675 2709 2717 2727 2728 2741 :133304
579 1912 2433 2436 2449 2495 2511 2513 2531 2611 2675 2709 2717 2727 2741 :130004
579 1912 2433 2436 2449 2495 2511 2513 2531 2611 2675 2709 2727 2728 :122924
579 1912 2433 2436 2449 2495 2511 2513 2531 2611 2675 2709 2727 2728 2741 :126224
579 1912 2433 2436 2449 2495 2511 2513 2531 2611 2675 2709 2727 2741 :122924
579 1912 2433 2436 2449 2495 2511 2513 2531 2611 2709 2717 2727 :122544
579 1912 2433 2436 2449 2495 2511 2513 2531 2611 2709 2717 2727 2728 :125844
579 1912 2433 2436 2449 2495 2511 2513 2531 2611 2709 2717 2727 2728 2741 :129144
579 1912 2433 2436 2449 2495 2511 2513 2531 2611 2709 2717 2727 2741 :125844
579 1912 2433 2436 2449 2495 2511 2513 2531 2611 2709 2727 2728 2741 :122064
579 1912 2433 2436 2449 2495 2511 2513 2531 2675 2709 2717 2727 2728 :122924
579 1912 2433 2436 2449 2495 2511 2513 2531 2675 2709 2717 2727 2728 2741 :126224
579 1912 2433 2436 2449 2495 2511 2513 2531 2675 2709 2717 2727 2741 :122924
579 1912 2433 2436 2449 2495 2511 2513 2531 2709 2717 2727 2728 2741 :122064
579 1912 2433 2436 2449 2495 2511 2513 2536 2565 2611 2675 2709 2717 2727 2728 2741 :121922
579 1912 2433 2436 2449 2495 2511 2513 2565 2611 2675 2709 2717 2727 2728 2741 :120182
579 1912 2433 2436 2449 2495 2511 2531 2536 2565 2611 2675 2709 2717 2727 :124994
579 1912 2433 2436 2449 2495 2511 2531 2536 2565 2611 2675 2709 2717 2727 2728 :128294
579 1912 2433 2436 2449 2495 2511 2531 2536 2565 2611 2675 2709 2717 2727 2728 2741 :131594
579 1912 2433 2436 2449 2495 2511 2531 2536 2565 2611 2675 2709 2717 2727 2741 :128294
579 1912 2433 2436 2449 2495 2511 2531 2536 2565 2611 2675 2709 2727 2728 :121214
579 1912 2433 2436 2449 2495 2511 2531 2536 2565 2611 2675 2709 2727 2728 2741 :124514
579 1912 2433 2436 2449 2495 2511 2531 2536 2565 2611 2675 2709 2727 2741 :121214
579 1912 2433 2436 2449 2495 2511 2531 2536 2565 2611 2709 2717 2727 :120834
579 1912 2433 2436 2449 2495 2511 2531 2536 2565 2611 2709 2717 2727 2728 :124134
579 1912 2433 2436 2449 2495 2511 2531 2536 2565 2611 2709 2717 2727 2728 2741 :127434
579 1912 2433 2436 2449 2495 2511 2531 2536 2565 2611 2709 2717 2727 2741 :124134
579 1912 2433 2436 2449 2495 2511 2531 2536 2565 2611 2709 2727 2728 2741 :120354
579 1912 2433 2436 2449 2495 2511 2531 2536 2565 2675 2709 2717 2727 2728 :121214
579 1912 2433 2436 2449 2495 2511 2531 2536 2565 2675 2709 2717 2727 2728 2741 :124514
579 1912 2433 2436 2449 2495 2511 2531 2536 2565 2675 2709 2717 2727 2741 :121214
579 1912 2433 2436 2449 2495 2511 2531 2536 2565 2709 2717 2727 2728 2741 :120354
579 1912 2433 2436 2449 2495 2511 2531 2536 2611 2675 2709 2717 2727 :121844
579 1912 2433 2436 2449 2495 2511 2531 2536 2611 2675 2709 2717 2727 2728 :125144
579 1912 2433 2436 2449 2495 2511 2531 2536 2611 2675 2709 2717 2727 2728 2741 :128444
579 1912 2433 2436 2449 2495 2511 2531 2536 2611 2675 2709 2717 2727 2741 :125144
579 1912 2433 2436 2449 2495 2511 2531 2536 2611 2675 2709 2727 2728 2741 :121364
579 1912 2433 2436 2449 2495 2511 2531 2536 2611 2709 2717 2727 2728 :120984
579 1912 2433 2436 2449 2495 2511 2531 2536 2611 2709 2717 2727 2728 2741 :124284
579 1912 2433 2436 2449 2495 2511 2531 2536 2611 2709 2717 2727 2741 :120984
579 1912 2433 2436 2449 2495 2511 2531 2536 2675 2709 2717 2727 2728 2741 :121364
579 1912 2433 2436 2449 2495 2511 2531 2565 2611 2675 2709 2717 2727 :123254
579 1912 2433 2436 2449 2495 2511 2531 2565 2611 2675 2709 2717 2727 2728 :126554
579 1912 2433 2436 2449 2495 2511 2531 2565 2611 2675 2709 2717 2727 2728 2741 :129854
579 1912 2433 2436 2449 2495 2511 2531 2565 2611 2675 2709 2717 2727 2741 :126554
579 1912 2433 2436 2449 2495 2511 2531 2565 2611 2675 2709 2727 2728 2741 :122774
579 1912 2433 2436 2449 2495 2511 2531 2565 2611 2709 2717 2727 2728 :122394
579 1912 2433 2436 2449 2495 2511 2531 2565 2611 2709 2717 2727 2728 2741 :125694
579 1912 2433 2436 2449 2495 2511 2531 2565 2611 2709 2717 2727 2741 :122394
579 1912 2433 2436 2449 2495 2511 2531 2565 2675 2709 2717 2727 2728 2741 :122774
579 1912 2433 2436 2449 2495 2511 2531 2611 2675 2709 2717 2727 :120104
579 1912 2433 2436 2449 2495 2511 2531 2611 2675 2709 2717 2727 2728 :123404
579 1912 2433 2436 2449 2495 2511 2531 2611 2675 2709 2717 2727 2728 2741 :126704
579 1912 2433 2436 2449 2495 2511 2531 2611 2675 2709 2717 2727 2741 :123404
579 1912 2433 2436 2449 2495 2511 2531 2611 2709 2717 2727 2728 2741 :122544
579 1912 2433 2436 2449 2511 2513 2531 2536 2565 2611 2675 2709 2717 2727 2728 :122654
579 1912 2433 2436 2449 2511 2513 2531 2536 2565 2611 2675 2709 2717 2727 2728 2741 :125954
579 1912 2433 2436 2449 2511 2513 2531 2536 2565 2611 2675 2709 2717 2727 2741 :122654
579 1912 2433 2436 2449 2511 2513 2531 2536 2565 2611 2709 2717 2727 2728 2741 :121794
579 1912 2433 2436 2449 2511 2513 2531 2536 2611 2675 2709 2717 2727 2728 2741 :122804
579 1912 2433 2436 2449 2511 2513 2531 2565 2611 2675 2709 2717 2727 2728 :120914
579 1912 2433 2436 2449 2511 2513 2531 2565 2611 2675 2709 2717 2727 2728 2741 :124214
579 1912 2433 2436 2449 2511 2513 2531 2565 2611 2675 2709 2717 2727 2741 :120914
579 1912 2433 2436 2449 2511 2513 2531 2565 2611 2709 2717 2727 2728 2741 :120054
579 1912 2433 2436 2449 2511 2513 2531 2611 2675 2709 2717 2727 2728 2741 :121064
579 1912 2433 2436 2449 2513 2531 2536 2565 2611 2675 2709 2717 2727 2728 2741 :121454
579 1912 2433 2495 2511 2513 2531 2536 2565 2611 2675 2709 2717 2727 2728 :122354
579 1912 2433 2495 2511 2513 2531 2536 2565 2611 2675 2709 2717 2727 2728 2741 :125654
579 1912 2433 2495 2511 2513 2531 2536 2565 2611 2675 2709 2717 2727 2741 :122354
579 1912 2433 2495 2511 2513 2531 2536 2565 2611 2709 2717 2727 2728 2741 :121494
579 1912 2433 2495 2511 2513 2531 2536 2611 2675 2709 2717 2727 2728 2741 :122504
579 1912 2433 2495 2511 2513 2531 2565 2611 2675 2709 2717 2727 2728 :120614
579 1912 2433 2495 2511 2513 2531 2565 2611 2675 2709 2717 2727 2728 2741 :123914
579 1912 2433 2495 2511 2513 2531 2565 2611 2675 2709 2717 2727 2741 :120614
579 1912 2433 2495 2511 2513 2531 2611 2675 2709 2717 2727 2728 2741 :120764
579 1912 2433 2495 2513 2531 2536 2565 2611 2675 2709 2717 2727 2728 2741 :121154
579 2482 2495 2511 2513 2531 2536 2565 2611 2675 2709 2717 2727 2728 2741 :122504
579 2482 2495 2511 2513 2531 2565 2611 2675 2709 2717 2727 2728 2741 :120764
