64 68 71 72 :25023960
64 68 71 72 73 :26157793
64 68 71 72 73 74 :27336831
64 68 71 72 73 74 75 :30899808
64 68 71 72 73 75 :29722080
64 68 71 72 74 :26201549
64 68 71 72 74 75 :29772369
64 68 71 72 75 :28596714
64 68 71 73 74 :20593654
64 68 71 73 74 75 :24227236
64 68 71 73 75 :23024018
64 68 71 74 75 :23061923
64 68 71 75 :21876273
64 68 72 :23695504
64 68 72 73 :24880238
64 68 72 73 74 :26114112
64 68 72 73 74 75 :29842206
64 68 72 73 75 :28609761
64 68 72 74 :24926680
64 68 72 74 75 :28663854
64 68 72 75 :27435055
64 68 74 75 :21707426
64 68 75 :20460670
64 69 70 71 72 :21347084
64 69 70 71 72 73 :22357258
64 69 70 71 72 73 74 :23412690
64 69 70 71 72 73 74 75 :26602942
64 69 70 71 72 73 75 :25548764
64 69 70 71 72 74 :22401704
64 69 70 71 72 74 75 :25600017
64 69 70 71 72 75 :24547239
64 69 70 71 73 74 75 :20698536
64 69 70 72 73 :21050085
64 69 70 72 73 74 :22148764
64 69 70 72 73 74 75 :25468943
64 69 70 72 73 75 :24371666
64 69 70 72 74 :21097537
64 69 70 72 74 75 :24427126
64 69 70 72 75 :23331729
64 69 71 72 73 :20379967
64 69 71 72 73 74 :21570664
64 69 71 72 73 74 75 :25163119
64 69 71 72 73 75 :23973791
64 69 71 72 74 :20418667
64 69 71 72 74 75 :24019881
64 69 71 72 75 :22831147
64 69 72 73 74 :20056664
64 69 72 73 74 75 :23815613
64 69 72 73 75 :22570939
64 69 72 74 75 :22620011
64 69 72 75 :21377110
64 71 72 :20720658
64 71 72 73 :22051752
64 71 72 73 74 :23421225
64 71 72 73 74 75 :27552264
64 71 72 73 75 :26184328
64 71 72 74 :22090110
64 71 72 74 75 :26230430
64 71 72 75 :24863247
65 66 67 68 69 70 71 72 73 74 75 :20652928
65 66 67 68 69 70 71 72 74 75 :20000716
65 66 67 68 69 70 72 73 74 75 :20145154
65 66 67 68 70 71 72 73 74 :20281465
65 66 67 68 70 71 72 73 74 75 :22619876
65 66 67 68 70 71 72 73 75 :21844911
65 66 67 68 70 71 72 74 75 :21876976
65 66 67 68 70 71 72 75 :21104979
65 66 67 68 70 72 73 74 75 :22008017
65 66 67 68 70 72 73 75 :21199635
65 66 67 68 70 72 74 75 :21232111
65 66 67 68 70 72 75 :20427476
65 66 67 68 71 72 73 74 75 :20326671
65 66 67 70 71 72 73 74 75 :20715168
65 66 68 69 70 71 72 73 74 75 :22042163
65 66 68 69 70 71 72 73 75 :21288810
65 66 68 69 70 71 72 74 75 :21325752
65 66 68 69 70 71 72 75 :20575419
65 66 68 69 70 72 73 74 75 :21464531
65 66 68 69 70 72 73 75 :20677866
65 66 68 69 70 72 74 75 :20715344
65 66 68 69 71 72 73 74 75 :21228009
65 66 68 69 71 72 73 75 :20385437
65 66 68 69 71 72 74 75 :20420597
65 66 68 69 72 73 74 75 :20494268
65 66 68 70 71 72 73 :20545686
65 66 68 70 71 72 73 74 :21394997
65 66 68 70 71 72 73 74 75 :23961823
65 66 68 70 71 72 73 75 :23113366
65 66 68 70 71 72 74 :20578334
65 66 68 70 71 72 74 75 :23150551
65 66 68 70 71 72 75 :22305169
65 66 68 70 72 73 74 :20584603
65 66 68 70 72 73 74 75 :23268265
65 66 68 70 72 73 75 :22382434
65 66 68 70 72 74 75 :22419827
65 66 68 70 72 75 :21537993
65 66 68 71 72 73 74 :20319317
65 66 68 71 72 73 74 75 :23219201
65 66 68 71 72 73 75 :22259099
65 66 68 71 72 74 75 :22294140
65 66 68 71 72 75 :21336718
65 66 68 72 73 74 75 :22333798
65 66 68 72 73 75 :21327518
65 66 68 72 74 75 :21362150
65 66 68 72 75 :20359922
65 66 69 70 71 72 73 74 75 :20265473
65 66 70 71 72 73 74 75 :21818234
65 66 70 71 72 73 75 :20833201
65 66 70 71 72 74 75 :20868369
65 66 70 72 73 74 75 :20782761
65 66 71 72 73 74 75 :20119206
65 67 68 69 70 71 72 73 :20539965
65 67 68 69 70 71 72 73 74 :21389611
65 67 68 69 70 71 72 73 74 75 :23953374
65 67 68 69 70 71 72 73 75 :23104584
65 67 68 69 70 71 72 74 :20569181
65 67 68 69 70 71 72 74 75 :23137931
65 67 68 69 70 71 72 75 :22292181
65 67 68 69 70 72 73 74 :20621606
65 67 68 69 70 72 73 74 75 :23307955
65 67 68 69 70 72 73 75 :22419505
65 67 68 69 70 72 74 75 :22454092
65 67 68 69 70 72 75 :21569449
65 67 68 69 71 72 73 74 75 :21289870
65 67 68 69 71 72 73 75 :20408959
65 67 68 69 71 72 74 75 :20438189
65 67 68 69 72 73 74 75 :20487353
65 67 68 70 71 72 :21452012
65 67 68 70 71 72 73 :22386284
65 67 68 70 71 72 73 74 :23353254
65 67 68 70 71 72 73 74 75 :26270564
65 67 68 70 71 72 73 75 :25304546
65 67 68 70 71 72 74 :22416175
65 67 68 70 71 72 74 75 :25338772
65 67 68 70 71 72 75 :24376170
65 67 68 70 71 73 74 75 :20697758
65 67 68 70 72 :20444527
65 67 68 70 72 73 :21423175
65 67 68 70 72 73 74 :22435621
65 67 68 70 72 73 74 75 :25492917
65 67 68 70 72 73 75 :24481680
65 67 68 70 72 74 :21453582
65 67 68 70 72 74 75 :24516969
65 67 68 70 72 75 :23509927
65 67 68 71 72 73 74 :20251748
65 67 68 71 72 73 74 75 :23287227
65 67 68 71 72 73 75 :22281224
65 67 68 71 72 74 75 :22310841
65 67 68 71 72 75 :21307269
65 67 68 72 73 74 75 :22329734
65 67 68 72 73 75 :21274134
65 67 68 72 74 75 :21304109
65 67 68 72 75 :20251635
65 67 69 70 71 72 73 74 75 :21908320
65 67 69 70 71 72 73 75 :20918226
65 67 69 70 71 72 74 75 :20949883
65 67 69 70 72 73 74 75 :20897834
65 67 70 71 72 73 74 :20399851
65 67 70 71 72 73 74 75 :23797232
65 67 70 71 72 73 75 :22669975
65 67 70 71 72 74 75 :22702386
65 67 70 71 72 75 :21577519
65 67 70 72 73 74 75 :22595225
65 67 70 72 73 75 :21412789
65 67 70 72 74 75 :21445702
65 67 70 72 75 :20266197
65 67 71 72 73 74 75 :20058821
65 68 69 70 71 72 :20730025
65 68 69 70 71 72 73 :21625694
65 68 69 70 71 72 73 74 :22557759
65 68 69 70 71 72 73 74 75 :25374858
65 68 69 70 71 72 73 75 :24443918
65 68 69 70 71 72 74 :21659547
65 68 69 70 71 72 74 75 :24482658
65 68 69 70 71 72 75 :23554879
65 68 69 70 71 73 74 75 :20065484
65 68 69 70 72 73 :20716948
65 68 69 70 72 73 74 :21693620
65 68 69 70 72 73 74 75 :24648492
65 68 69 70 72 73 75 :23673208
65 68 69 70 72 74 :20750835
65 68 69 70 72 74 75 :23712547
65 68 69 70 72 75 :22741151
65 68 69 71 72 73 74 :20847489
65 68 69 71 72 73 74 75 :23970147
65 68 69 71 72 73 75 :22936221
65 68 69 71 72 74 75 :22972939
65 68 69 71 72 75 :21941461
65 68 69 72 73 74 75 :23053614
65 68 69 72 73 75 :21965738
65 68 69 72 74 75 :22002083
65 68 69 72 75 :20918068
65 68 70 71 72 :22362349
65 68 70 71 72 73 :23379631
65 68 70 71 72 73 74 :24434051
65 68 70 71 72 73 74 75 :27620120
65 68 70 71 72 73 75 :26566936
65 68 70 71 72 74 :23414006
65 68 70 71 72 74 75 :26606444
65 68 70 71 72 75 :25556728
65 68 70 71 73 74 75 :21575413
65 68 70 71 73 75 :20502969
65 68 70 71 74 75 :20533050
65 68 70 72 :21232830
65 68 70 72 73 :22300234
65 68 70 72 73 74 :23405191
65 68 70 72 73 74 75 :26747342
65 68 70 72 73 75 :25643938
65 68 70 72 74 :22334405
65 68 70 72 74 75 :25683819
65 68 70 72 75 :24584745
65 68 70 73 74 75 :20452003
65 68 71 72 :20305010
65 68 71 72 73 :21455672
65 68 71 72 73 74 :22639720
65 68 71 72 73 74 75 :26211259
65 68 71 72 73 75 :25028556
65 68 71 72 74 :21486944
65 68 71 72 74 75 :25065544
65 68 71 72 75 :23885774
65 68 72 73 :20097113
65 68 72 73 74 :21343740
65 68 72 73 74 75 :25106458
65 68 72 73 75 :23861496
65 68 72 74 :20127128
65 68 72 74 75 :23897909
65 68 72 75 :22657425
65 69 70 71 72 73 74 75 :23055575
65 69 70 71 72 73 75 :21965499
65 69 70 71 72 74 75 :22002598
65 69 70 71 72 75 :20914903
65 69 70 72 73 74 75 :21916962
65 69 70 72 73 75 :20772343
65 69 70 72 74 75 :20809442
65 69 71 72 73 74 75 :20647006
65 70 71 72 73 74 :21109493
65 70 71 72 73 74 75 :24832608
65 70 71 72 73 75 :23599030
65 70 71 72 74 75 :23636525
65 70 71 72 75 :22405398
65 70 72 73 74 75 :23483039
65 70 72 73 75 :22187645
65 70 72 74 75 :22224958
65 70 72 75 :20932542
65 71 72 73 74 75 :22209143
65 71 72 73 75 :20828618
65 71 72 74 75 :20860911
65 72 73 74 75 :20503256
66 67 68 69 70 71 72 73 74 :20329797
66 67 68 69 70 71 72 73 74 75 :22868558
66 67 68 69 70 71 72 73 75 :22028866
66 67 68 69 70 71 72 74 75 :22061451
66 67 68 69 70 71 72 75 :21223822
66 67 68 69 70 72 73 74 75 :22318180
66 67 68 69 70 72 73 75 :21434379
66 67 68 69 70 72 74 75 :21468086
66 67 68 69 70 72 75 :20586866
66 67 68 69 71 72 73 74 75 :20198471
66 67 68 70 71 72 :20148823
66 67 68 70 71 72 73 :21069163
66 67 68 70 71 72 73 74 :22018893
66 67 68 70 71 72 73 74 75 :24888726
66 67 68 70 71 72 73 75 :23940045
66 67 68 70 71 72 74 :21096910
66 67 68 70 71 72 74 75 :23972017
66 67 68 70 71 72 75 :23025423
66 67 68 70 72 73 :20183938
66 67 68 70 72 73 74 :21183633
66 67 68 70 72 73 74 75 :24206921
66 67 68 70 72 73 75 :23208592
66 67 68 70 72 74 :20212075
66 67 68 70 72 74 75 :23241495
66 67 68 70 72 75 :22245832
66 67 68 71 72 73 74 75 :21904697
66 67 68 71 72 73 75 :20916775
66 67 68 71 72 74 75 :20944158
66 67 68 72 73 74 75 :21014449
66 67 68 72 74 75 :20000493
66 67 69 70 71 72 73 74 75 :20508058
66 67 70 71 72 73 74 75 :22072097
66 67 70 71 72 73 75 :20976138
66 67 70 71 72 74 75 :21004460
66 67 70 72 73 74 75 :20980884
66 68 69 70 71 72 73 :20804748
66 68 69 70 71 72 73 74 :21741193
66 68 69 70 71 72 73 74 75 :24575600
66 68 69 70 71 72 73 75 :23640331
66 68 69 70 71 72 74 :20837247
66 68 69 70 71 72 74 75 :23677724
66 68 69 70 71 72 75 :22744533
66 68 69 70 72 73 74 :20939269
66 68 69 70 72 73 74 75 :23928353
66 68 69 70 72 73 75 :22942930
66 68 69 70 72 74 75 :22981133
66 68 69 70 72 75 :21998276
66 68 69 71 72 73 74 :20098060
66 68 69 71 72 73 74 75 :23267108
66 68 69 71 72 73 75 :22218740
66 68 69 71 72 74 75 :22253245
66 68 69 71 72 75 :21206328
66 68 69 72 73 74 75 :22405490
66 68 69 72 73 75 :21295741
66 68 69 72 74 75 :21330192
66 68 69 72 75 :20222688
66 68 70 71 72 :21269260
66 68 70 71 72 73 :22287090
66 68 70 71 72 73 74 :23338082
66 68 70 71 72 73 74 75 :26519861
66 68 70 71 72 73 75 :25470270
66 68 70 71 72 74 :22318726
66 68 70 71 72 74 75 :25506932
66 68 70 71 72 75 :24459392
66 68 70 71 73 74 75 :20497964
66 68 70 72 :20190476
66 68 70 72 73 :21264206
66 68 70 72 73 74 :22371551
66 68 70 72 73 74 75 :25725629
66 68 70 72 73 75 :24620020
66 68 70 72 74 :21295813
66 68 70 72 74 75 :24657266
66 68 70 72 75 :23554391
66 68 71 72 73 :20415227
66 68 71 72 73 74 :21606292
66 68 71 72 73 74 75 :25203517
66 68 71 72 73 75 :24013998
66 68 71 72 74 :20443164
66 68 71 72 74 75 :24047445
66 68 71 72 75 :22859428
66 68 72 73 74 :20335986
66 68 72 73 74 75 :24143895
66 68 72 73 75 :22885067
66 68 72 74 75 :22918238
66 68 72 75 :21661907
66 69 70 71 72 73 74 75 :21878672
66 69 70 71 72 73 75 :20794060
66 69 70 71 72 74 75 :20827677
66 69 70 72 73 74 75 :20818763
66 70 71 72 73 74 75 :23322678
66 70 71 72 73 75 :22105231
66 70 71 72 74 75 :22137992
66 70 71 72 75 :20921268
66 70 72 73 74 75 :22060048
66 70 72 73 75 :20773511
66 70 72 74 75 :20806980
66 71 72 73 74 75 :20774705
67 68 69 70 71 72 :21026462
67 68 69 70 71 72 73 :22036572
67 68 69 70 71 72 73 74 :23077078
67 68 69 70 71 72 73 74 75 :26222120
67 68 69 70 71 72 73 75 :25182870
67 68 69 70 71 72 74 :22065396
67 68 69 70 71 72 74 75 :25216347
67 68 69 70 71 72 75 :24179191
67 68 69 70 71 73 74 75 :20246546
67 68 69 70 72 73 :21060060
67 68 69 70 72 73 74 :22158331
67 68 69 70 72 73 74 75 :25479577
67 68 69 70 72 73 75 :24382843
67 68 69 70 72 74 :21090340
67 68 69 70 72 74 75 :24418563
67 68 69 70 72 75 :23324445
67 68 69 71 72 73 74 75 :22804703
67 68 69 71 72 73 75 :21727015
67 68 69 71 72 74 75 :21755848
67 68 69 71 72 75 :20679382
67 68 69 72 73 74 75 :21832068
67 68 69 72 73 75 :20692489
67 68 69 72 74 75 :20722440
67 68 70 71 72 :22660517
67 68 70 71 72 73 :23811064
67 68 70 71 72 73 74 :24992184
67 68 70 71 72 73 74 75 :28560996
67 68 70 71 72 73 75 :27381342
67 68 70 71 72 74 :23839903
67 68 70 71 72 74 75 :27414993
67 68 70 71 72 75 :26237682
67 68 70 71 73 74 75 :21741463
67 68 70 71 73 75 :20541305
67 68 70 71 74 75 :20566169
67 68 70 72 :21418182
67 68 70 72 73 :22632674
67 68 70 72 73 74 :23879267
67 68 70 72 73 74 75 :27647701
67 68 70 72 73 75 :26402909
67 68 70 72 74 :22662711
67 68 70 72 74 75 :26438557
67 68 70 72 75 :25196633
67 68 70 73 74 75 :20490021
67 68 71 72 73 74 :21012201
67 68 71 72 73 74 75 :24718813
67 68 71 72 73 75 :23491683
67 68 71 72 74 75 :23520398
67 68 71 72 75 :22294610
67 68 72 73 74 75 :23542701
67 68 72 73 75 :22244873
67 68 72 74 75 :22274448
67 68 72 75 :20978373
67 69 70 71 72 73 74 75 :23149571
67 69 70 71 72 73 75 :21939564
67 69 70 71 72 74 75 :21969459
67 69 70 71 72 75 :20760514
67 69 70 72 73 74 75 :21918132
67 69 70 72 73 75 :20638203
67 69 70 72 74 75 :20669459
67 70 71 72 73 74 :20748254
67 70 71 72 73 74 75 :24895609
67 70 71 72 73 75 :23521330
67 70 71 72 74 75 :23551223
67 70 71 72 75 :22178034
67 70 72 73 74 75 :23417492
67 70 72 73 75 :21963685
67 70 72 74 75 :21994673
67 70 72 75 :20542127
67 71 72 73 74 75 :20134595
69 70 71 72 73 74 :20355678
69 70 71 72 73 74 75 :24424439
69 70 71 72 73 75 :23078234
69 70 71 72 74 75 :23112718
69 70 71 72 75 :21767452
69 70 72 73 74 75 :23002271
69 70 72 73 75 :21576348
69 70 72 74 75 :21611463
69 70 72 75 :20186512
69 71 72 73 74 75 :21058164
70 71 72 73 74 :21418615
70 71 72 73 74 75 :26006558
70 71 72 73 75 :24487861
70 71 72 74 75 :24521912
70 71 72 75 :23004097
70 72 73 74 75 :24310746
70 72 73 75 :22702132
70 72 74 75 :22736562
70 72 75 :21128946
71 72 73 74 75 :22266029
71 72 73 75 :20562479
71 72 74 75 :20589957
